world: 92931a46-4b95-483f-b956-dd58f4ab4ea0
world-name: world
x: -774.5
y: 72.0
z: -205.5
yaw: 130.31446838378906
pitch: 3.7542362213134766
name: shopping
lastowner: be9fc3b9-7c82-4c7f-87c0-6c76e52e0edd
