jails:
  jail:
    world: 4f3c7dfe-1c81-4ba8-a970-e9e367331a56
    world-name: world
    x: 317.30000001192093
    y: 78.0
    z: -118.31981956427367
    yaw: 0.0933837890625
    pitch: 67.16654968261719
